1000000
1000001
1000002
1000003
1000004
1000005
1000006
1000007
1000008
1000009
1000010
1000011
1000012
1000013
1000014
1000015
1000016
1000017
1000018
1000019
1000020
1000021
1000022
1000023
1000024
1000025
1000026
1000027
1000028
1000029
1000030
1000031
1000032
1000033
1000034
1000035
1000036
1000037
1000038
1000039
1000040
1000041
1000042
1000043
1000044
1000045
1000046
1000047
1000048
1000049
1000050
1000051
1000052
1000053
1000054
1000055
1000056
1000057
1000058
1000059
1000060
1000061
1000062
1000063
1000064
1000065
1000066
1000067
1000068
1000069
1000070
1000071
1000072
1000073
1000074
1000075
1000076
1000077
1000078
1000079
1000080
1000081
1000082
1000083
1000084
1000085
1000086
1000087
1000088
1000089
1000090
1000091
1000092
1000093
1000094
1000095
1000096
1000097
1000098
1000099
1000100
1000101
1000102
1000103
1000104
1000105
1000106
1000107
1000108
1000109
1000110
1000111
1000112
1000113
1000114
1000115
1000116
1000117
1000118
1000119
1000120
1000121
1000122
1000123
1000124
1000125
1000126
1000127
1000128
1000129
1000130
1000131
1000132
1000133
1000134
1000135
1000136
1000137
1000138
1000139
1000140
1000141
1000142
1000143
1000144
1000145
1000146
1000147
1000148
1000149
1000150
1000151
1000152
1000153
1000154
1000155
1000156
1000157
1000158
1000159
1000160
1000161
1000162
1000163
1000164
1000165
1000166
1000167
1000168
1000169
1000170
1000171
1000172
1000173
1000174
1000175
1000176
1000177
1000178
1000179
1000180
1000181
1000182
1000183
1000184
1000185
1000186
1000187
1000188
1000189
1000190
1000191
1000192
1000193
1000194
1000195
1000196
1000197
1000198
1000199
1000200
1000201
1000202
1000203
1000204
1000205
1000206
1000207
1000208
1000209
1000210
1000211
1000212
1000213
1000214
1000215
1000216
1000217
1000218
1000219
1000220
1000221
1000222
1000223
1000224
1000225
1000226
1000227
1000228
1000229
1000230
1000231
1000232
1000233
1000234
1000235
1000236
1000237
1000238
1000239
1000240
1000241
1000242
1000243
1000244
1000245
1000246
1000247
1000248
1000249
1000250
1000251
1000252
1000253
1000254
1000255
1000256
1000257
1000258
1000259
1000260
1000261
1000262
1000263
1000264
1000265
1000266
1000267
1000268
1000269
1000270
1000271
1000272
1000273
1000274
1000275
1000276
1000277
1000278
1000279
1000280
1000281
1000282
1000283
1000284
1000285
1000286
1000287
1000288
1000289
1000290
1000291
1000292
1000293
1000294
1000295
1000296
1000297
1000298
1000299
1000300
1000301
1000302
1000303
1000304
1000305
1000306
1000307
1000308
1000309
1000310
1000311
1000312
1000313
1000314
1000315
1000316
1000317
1000318
1000319
1000320
1000321
1000322
1000323
1000324
1000325
1000326
1000327
1000328
1000329
1000330
1000331
1000332
1000333
1000334
1000335
1000336
1000337
1000338
1000339
1000340
1000341
1000342
1000343
1000344
1000345
1000346
1000347
1000348
1000349
1000350
1000351
1000352
1000353
1000354
1000355
1000356
1000357
1000358
1000359
1000360
1000361
1000362
1000363
1000364
1000365
1000366
1000367
1000368
1000369
1000370
1000371
1000372
1000373
1000374
1000375
1000376
1000377
1000378
1000379
1000380
1000381
1000382
1000383
1000384
1000385
1000386
1000387
1000388
1000389
1000390
1000391
1000392
1000393
1000394
1000395
1000396
1000397
1000398
1000399
1000400
1000401
1000402
1000403
1000404
1000405
1000406
1000407
1000408
1000409
1000410
1000411
1000412
1000413
1000414
1000415
1000416
1000417
1000418
1000419
1000420
1000421
1000422
1000423
1000424
1000425
1000426
1000427
1000428
1000429
1000430
1000431
1000432
1000433
1000434
1000435
1000436
1000437
1000438
1000439
1000440
1000441
1000442
1000443
1000444
1000445
1000446
1000447
1000448
1000449
1000450
1000451
1000452
1000453
1000454
1000455
1000456
1000457
1000458
1000459
1000460
1000461
1000462
1000463
1000464
1000465
1000466
1000467
1000468
1000469
1000470
1000471
1000472
1000473
1000474
1000475
1000476
1000477
1000478
1000479
1000480
1000481
1000482
1000483
1000484
1000485
1000486
1000487
1000488
1000489
1000490
1000491
1000492
1000493
1000494
1000495
1000496
1000497
1000498
1000499
1000500
1000501
1000502
1000503
1000504
1000505
1000506
1000507
1000508
1000509
1000510
1000511
1000512
1000513
1000514
1000515
1000516
1000517
1000518
1000519
1000520
1000521
1000522
1000523
1000524
1000525
1000526
1000527
1000528
1000529
1000530
1000531
1000532
1000533
1000534
1000535
1000536
1000537
1000538
1000539
1000540
1000541
1000542
1000543
1000544
1000545
1000546
1000547
1000548
1000549
1000550
1000551
1000552
1000553
1000554
1000555
1000556
1000557
1000558
1000559
1000560
1000561
1000562
1000563
1000564
1000565
1000566
1000567
1000568
1000569
1000570
1000571
1000572
1000573
1000574
1000575
1000576
1000577
1000578
1000579
1000580
1000581
1000582
1000583
1000584
1000585
1000586
1000587
1000588
1000589
1000590
1000591
1000592
1000593
1000594
1000595
1000596
1000597
1000598
1000599
1000600
1000601
1000602
1000603
1000604
1000605
1000606
1000607
1000608
1000609
1000610
1000611
1000612
1000613
1000614
1000615
1000616
1000617
1000618
1000619
1000620
1000621
1000622
1000623
1000624
1000625
1000626
1000627
1000628
1000629
1000630
1000631
1000632
1000633
1000634
1000635
1000636
1000637
1000638
1000639
1000640
1000641
1000642
1000643
1000644
1000645
1000646
1000647
1000648
1000649
1000650
1000651
1000652
1000653
1000654
1000655
1000656
1000657
1000658
1000659
1000660
1000661
1000662
1000663
1000664
1000665
1000666
1000667
1000668
1000669
1000670
1000671
1000672
1000673
1000674
1000675
1000676
1000677
1000678
1000679
2000000
2000001
2000002
2000003
2000004
2000005
2000006
2100000
2100001
2100002
2100003
2100004
2100005
2100006
2100007
2100008
2100009
2100010
2100011
2100012
2100013
2100014
2100015
2100016
2100017
2100018
2100019
2100020
2100021
2100022
2100023
2100024
2100025
2100026
2100027
2100028
2100029
2100030
2100031
2100032
2100033
2100034
2100035
2100036
2100037
2100038
2100039
2100040
2100041
2100042
2100043
2100044
2100045
2100046
2100047
2100048
2100049
2100050
2100051
2100052
2100053
2100054
2100055
2100056
2100057
2100058
2100059
2100060
2100061
2200000
2200001
2200002
2200003
2200004
2200005
2200006
2200007
2200008
2200009
2200010
2300000
2300001
2300002
2300003
2300004
2300005
2300006
2300007
2310000
2310001
2310002
2310003
2310004
2310005
2310006
2310007
2310008
2310009
2310010
2310011
2310012
3500000
3500001
3500002
3500003
3500004
3500005
3500006
3500007
3500008
3500009
3500010
3500011
3500012
3500013
3500014
3500015
3500016
3500017
3500018
3500019
3500020
3500021
3500022
3500023
3500024
3500025
3500026
3500027
3500028
3500029
3500030
3500031
3500032
3500033
3500034
3500035
3500036
3500037
3500038
3500039
3500040
3500041
3500042
3500043
3500044
3500045
3500046
3500047
3500048
3500049
3500050
3500051
3500052
3500053
3500054
3500055
3500056
3500057
3500058
3500059
3500060
3500061
3500062
3500063
3500064
3500065
3500066
3500067
3500068
3500069
3500070
3500071
3500072
3500073
3500074
3500075
3500076
3500077
3500078
3500079
3500080
3500081
3500082
3500083
3500084
3500085
3500086
3500087
3500088
3500089
3500090
3500091
3500092
3500093
3500094
3500095
3500096
3500097
3500098
3500099
3500100
3500101
3500102
3500103
3500104
3500105
3500106
3500107
3500108
3500109
3500110
3500111
3500112
3500113
3500114
3500115
3500116
3500117
3500118
3500119
3500120
3500121
3500122
3500123
3500124
3500125
3500126
3500127
3500128
3500129
3500130
3500131
3500132
3500133
3500134
3500135
3500136
3500137
3500138
3500139
3500140
3500141
3500142
3500143
3500144
3500145
3500146
3500147
3500148
3500149
3500150
3500151
3500152
3500153
3500154
3500155
3500156
3500157
3500158
3500159
3500160
3500161
3500162
3500163
3500164
3500165
3500166
3500167
3500168
3500169
3500170
3500171
3500172
3500173
3500174
3500175
3500176
3500177
3500178
3500179
3500180
3500181
3500182
3500183
3500184
3500185
3500186
3500187
3500188
3500189
3500190
3500191
3500192
3500193
3500194
3500195
3500196
3500197
3500198
3500199
3500200
3500201
3500202
3500203
3500204
3500205
3500206
3500207
3500208
3500209
3500210
3500211
3500212
3500213
3500214
3500215
3500216
3500217
3500218
3500219
3500220
3500221
3500222
3500223
3500224
3500225
3500226
3500227
3500228
3500229
3500230
3500231
3500232
3500233
3500234
3500235
3500236
3500237
3500238
3500239
3500240
3500241
3500242
3500243
3500244
3500245
3500246
3500247
3500248
3500249
3500250
3500251
3500252
3500253
3500254
3500255
3500256
3500257
3500258
3500259
3500260
3500261
3500262
3500263
3500264
3500265
3500266
3500267
3500268
3500269
3500270
3500271
3500272
3500273
3500274
3500275
3500276
3500277
3500278
3500279
3500280
3500281
3500282
3500283
3500284
4020000
4020001
7200000
7200001
7200002
7200003
7200004
7200005
8100000
8100001
8100002
8100003
8100004
8100005
8100006
8100007
8100008
8100009
8100010
8100011
8100012
8100013
8100014
8100015
8100016
8100017
8100018
8100019
8100020
8100021
8100022
8100023
8100024
8100025
8100026
8100027
8100028
8100029
8100030
8100031
8100032
8100033
8100034
8100035
8100036
8100037
8100038
8100039
8100040
8100041
8100042
8100043
8100044
8100045
8100046
8100047
8100048
8100049
8100050
8100051
8100052
8100053
8100054
8100055
8100056
8100057
8100058
